[201.8467]
[201.8467]
[201.8467]
[201.8467]
[206.42384]
[196.86275]
[194.09727]
[199.11485]
[200.83873]
[200.89995]
[195.07182]
[193.5739]
[194.02214]
[194.06175]
[201.45753]
[203.84276]
[205.1381]
[207.52682]
[208.84517]
[210.05467]
[210.80692]
[210.80692]
[210.80692]
[210.80692]
[198.55443]
[193.42863]
[193.22064]
[194.89345]
[193.89809]
[192.96426]
[192.74663]
[192.74663]
[192.74664]
[192.74664]
[192.74664]
[192.74664]
[192.74664]
[192.74664]
[192.74664]
[192.74664]
[192.74664]
[192.74664]
[192.74664]
[192.74664]
[192.74664]
[192.74664]
[192.74664]
[192.52907]
[192.25175]
[191.94743]
[191.61974]
[191.25957]
[190.87852]
[190.4803]
[190.08159]
[189.68239]
[189.2827]
[188.88252]
[188.48183]
[188.08064]
[187.67899]
[187.27678]
[186.87404]
[186.47078]
[186.067]
[185.66264]
[185.25778]
[184.85233]
[184.44633]
[184.03978]
[183.84085]
[183.69333]
[183.57524]
[183.49446]
[183.44063]
[183.40591]
[183.40591]
[183.40591]
[183.40591]
[183.40591]
[183.40591]
[183.40591]
[183.40591]
[183.40591]
[183.40591]
[183.40591]
[183.40591]
[183.40591]
[183.40591]
[183.40591]
[183.40591]
[183.40591]
[183.40591]
[183.40591]
[183.40593]
[183.40593]
[183.40591]
[183.40591]
[183.40591]
[183.40591]
[183.40591]
[183.40591]
[183.40591]
[183.40591]
[183.40591]
[183.40591]
[183.40591]
[183.40591]
[183.40591]
[183.40591]
[183.40591]
[183.40591]
[183.40591]
[183.40591]
[183.40591]
[183.40591]
[183.40591]
[183.40591]
[183.40591]
[183.40591]
[183.40591]
[183.40591]
[183.40591]
[183.40591]
[183.40591]
[183.40591]
[183.40593]
[183.40593]
[183.40591]
[183.40591]
[183.40591]
[183.40591]
[183.40591]
[183.40591]
[183.40591]
[183.40591]
[183.40591]
[183.40591]
[183.40591]
[183.40591]
[183.40591]
[183.40591]
[183.40591]
[183.40591]
[183.40591]
[183.40591]
[183.40591]
[183.40591]
[183.40591]
[183.40591]
[183.40591]
[183.40591]
[183.40591]
[183.40591]
[183.40591]
[183.40591]
[183.40591]
[183.40591]
[183.40593]
[183.40593]
[183.40591]
[183.40591]
[183.40591]
[183.40591]
[183.40591]
[183.40591]
[183.40591]
[183.40591]
[183.40591]
[183.40591]
[183.40591]
[183.40591]
[183.40591]
[183.40591]
[183.40591]
[183.40591]
[183.40591]
[183.40591]
[183.40591]
[183.40591]
[183.40591]
[183.40591]
[183.40591]
[183.40591]
[183.40591]
[183.40591]
[183.40591]
[183.40591]
[183.40591]
[183.40591]
[183.40593]
[183.40593]
[183.40591]
[183.40591]
[183.40591]
[183.40591]
[183.40591]
[183.40591]
[183.40593]
